0 246
0 71
0 30
1 41
1 251
2 81
3 96
4 45
4 212
4 75
5 137
5 95
5 229
5 128
6 142
7 189
7 99
8 43
8 125
8 32
8 31
9 138
9 254
10 110
10 53
10 191
11 186
12 170
12 166
13 41
13 249
14 231
14 59
14 244
14 97
15 65
15 188
15 63
15 133
16 95
16 242
16 126
17 196
17 183
17 207
18 165
19 24
19 191
20 202
20 255
20 40
21 168
21 36
22 28
23 188
24 193
24 203
25 71
25 102
25 184
25 125
26 35
26 161
27 169
28 243
29 247
29 85
29 241
29 113
29 243
31 153
33 233
34 243
35 125
35 109
35 226
37 95
37 158
38 165
39 95
39 129
40 159
40 240
41 90
41 252
41 142
42 105
43 135
44 215
45 122
45 105
46 138
46 60
47 82
48 184
48 196
49 111
50 87
50 166
51 185
51 63
51 115
52 146
52 164
52 143
53 169
53 64
54 152
55 216
55 232
56 213
57 93
58 117
58 139
58 146
59 178
59 104
60 149
60 168
60 251
61 104
62 160
63 82
64 201
65 71
66 181
67 75
67 110
67 86
68 191
68 149
69 76
69 192
70 218
72 200
73 94
73 179
73 162
73 172
74 237
74 200
74 234
76 240
76 95
77 170
78 146
79 173
80 191
80 131
81 116
81 101
83 237
84 93
85 98
87 150
88 159
89 199
89 178
91 228
92 231
93 189
93 228
94 168
96 125
96 123
96 221
100 144
100 203
102 180
102 217
103 200
106 179
107 112
107 219
108 195
108 163
109 211
109 118
111 241
113 231
113 224
114 236
114 152
114 164
116 241
116 157
119 166
119 230
120 200
121 178
123 124
125 165
127 191
128 198
130 248
132 207
134 174
134 240
135 239
136 167
137 225
138 187
140 251
141 206
145 154
145 212
146 227
147 149
148 168
149 240
150 178
151 214
151 191
152 160
152 190
154 197
155 223
156 187
156 250
157 173
158 215
159 253
160 181
163 237
163 226
164 191
164 222
164 213
167 184
171 226
175 227
176 241
177 202
178 246
178 205
178 235
182 232
186 191
189 232
193 248
194 195
204 252
205 248
206 245
208 254
209 246
210 227
216 220
218 253
219 224
223 228
225 238
228 246
233 244
245 253
