0 173
0 49
1 156
1 52
1 102
2 144
2 124
3 32
3 253
3 208
4 150
4 84
5 255
5 177
5 24
5 60
5 53
5 30
6 35
7 16
7 77
8 29
8 126
8 47
8 33
8 149
9 170
9 127
9 63
9 134
9 108
10 31
10 164
11 161
11 197
11 235
11 104
12 152
12 252
13 125
13 142
13 27
14 55
15 44
15 224
16 120
16 204
17 94
17 106
17 50
18 211
19 39
20 110
20 42
20 215
21 115
22 103
22 139
23 62
23 80
25 143
25 126
25 151
26 86
26 149
26 69
26 185
27 61
27 193
28 54
29 93
31 111
31 220
33 198
34 101
35 85
36 202
37 117
37 181
38 109
39 228
39 45
39 152
39 182
39 218
40 75
40 48
41 83
43 225
43 243
44 200
44 136
45 85
45 248
45 240
46 254
46 215
47 251
49 233
49 119
49 161
51 110
54 104
55 132
55 137
56 234
56 221
56 154
57 218
58 134
59 241
59 125
60 71
62 163
63 192
63 126
64 222
65 145
65 97
65 161
66 151
67 69
67 242
68 192
68 249
70 140
70 149
71 247
72 124
72 231
73 112
74 81
74 167
74 132
74 91
75 151
76 178
76 204
78 130
79 244
79 182
80 222
81 246
81 110
81 205
82 166
83 159
83 115
84 128
84 138
84 179
85 165
86 237
87 189
87 92
88 157
89 94
90 218
90 213
92 101
92 111
94 112
95 235
95 250
96 234
98 184
98 122
99 179
99 181
99 229
100 146
101 120
102 112
103 187
105 211
107 226
108 183
108 141
108 166
108 172
109 208
110 121
112 217
112 163
112 239
113 212
113 218
114 163
116 144
118 217
119 255
122 255
122 157
123 125
125 168
127 138
127 243
128 137
129 242
130 250
131 251
132 236
132 230
133 247
135 186
135 228
137 188
138 200
139 238
139 223
141 227
143 153
143 159
146 154
146 147
148 219
148 232
152 171
153 169
153 180
155 194
155 162
158 248
159 191
160 227
161 163
167 194
168 252
169 190
174 250
175 248
176 183
177 211
177 201
181 228
187 231
189 207
189 240
195 208
195 198
196 248
198 231
198 202
199 217
199 241
203 225
206 208
209 239
209 216
210 239
214 236
217 226
219 253
221 222
239 245
