0 205
1 193
2 44
2 213
2 169
3 230
3 20
4 129
5 53
5 63
6 89
6 137
6 189
7 219
7 77
8 37
9 89
9 242
10 115
10 238
11 251
11 185
12 129
13 79
13 67
13 73
13 97
14 43
14 236
14 74
14 208
14 56
15 182
15 195
15 71
16 118
17 52
17 155
18 94
19 135
20 118
21 141
22 76
22 138
22 212
23 119
24 67
24 156
24 218
25 204
25 253
26 121
27 167
28 98
29 245
30 194
30 243
31 45
31 67
31 232
32 209
33 227
34 79
34 214
35 219
36 162
36 178
37 126
38 70
38 209
38 207
39 121
40 60
40 84
40 114
41 99
41 133
41 228
42 103
43 188
43 125
43 175
44 210
44 78
44 200
44 206
45 192
45 123
45 244
46 162
47 189
48 217
48 82
49 172
50 250
51 192
51 235
53 239
53 186
54 195
54 243
55 137
56 111
57 165
58 213
59 167
59 149
60 150
60 148
61 134
62 107
64 221
65 146
65 162
66 76
68 105
69 202
70 183
71 104
72 152
72 187
72 144
73 187
73 224
75 109
75 121
79 86
79 225
79 174
79 141
80 127
80 164
80 109
81 121
82 255
82 136
82 204
82 198
83 142
84 117
85 122
86 154
86 178
86 222
87 211
87 95
88 100
88 113
89 106
90 254
90 206
91 170
92 176
93 161
94 176
96 124
96 161
96 185
98 106
98 202
101 218
102 254
102 203
103 151
104 123
105 116
105 223
105 237
107 137
107 128
108 179
110 137
112 126
113 188
118 220
119 226
119 202
119 188
120 134
120 131
120 129
120 244
121 245
122 190
123 165
123 193
124 241
125 172
125 158
126 211
129 147
129 170
130 231
132 223
133 206
135 157
136 192
137 157
138 201
139 140
139 231
140 153
140 240
142 162
143 167
145 213
146 190
148 213
148 247
150 160
151 238
153 244
154 176
155 181
159 222
161 188
163 167
163 233
165 219
166 201
168 228
171 220
172 197
173 208
174 246
177 229
178 221
178 210
179 215
180 184
180 204
181 211
181 185
189 233
191 192
193 209
193 208
195 238
196 219
199 248
201 213
202 215
205 235
207 220
208 234
209 248
210 245
216 220
219 229
221 250
227 250
229 249
232 252
236 237
239 241
