0 130
1 43
2 181
3 195
3 120
3 125
4 108
4 96
4 133
5 221
6 254
7 179
7 202
8 175
9 196
9 94
9 146
10 115
10 186
10 239
11 248
11 118
11 233
12 119
12 130
12 144
13 188
14 213
15 106
15 119
16 42
16 178
17 244
17 23
17 62
18 153
19 245
19 80
20 31
20 63
21 230
21 206
22 242
23 98
23 43
23 227
24 157
24 137
24 235
25 241
25 154
26 135
27 104
28 134
28 177
29 95
29 200
29 194
29 209
30 44
32 58
32 89
33 187
34 95
35 98
35 93
36 229
36 132
36 218
36 156
37 147
37 247
38 96
39 108
39 106
40 193
40 81
40 57
40 243
41 106
41 236
42 246
42 135
42 149
44 226
45 186
46 227
46 250
47 120
47 234
48 73
49 165
50 154
51 83
51 58
51 138
51 164
51 208
52 159
52 252
53 77
54 173
55 242
56 63
57 137
58 67
59 207
60 173
61 86
63 147
64 173
65 118
66 206
66 116
67 110
67 181
67 101
68 214
69 102
70 237
70 183
71 196
71 175
72 215
72 177
72 104
72 132
73 81
74 148
75 130
76 237
77 148
77 83
78 145
79 240
79 191
80 168
82 143
83 184
84 91
84 160
85 186
86 249
87 171
87 89
88 215
89 170
90 108
91 98
91 158
91 105
92 231
94 182
94 192
94 220
96 142
96 250
96 134
97 255
97 214
97 205
97 103
99 104
99 167
100 162
100 132
102 149
105 217
106 234
106 159
107 237
109 199
110 219
110 238
110 240
111 134
111 145
112 184
112 149
112 187
113 238
114 178
114 150
115 193
115 171
117 165
117 202
118 186
119 210
121 181
121 254
122 234
123 239
124 127
124 231
126 217
127 251
128 161
128 203
128 140
129 159
130 201
130 241
131 171
132 228
136 202
136 153
139 194
140 145
140 223
141 184
142 212
143 220
145 172
147 177
151 214
152 174
152 228
153 216
155 201
155 225
160 242
161 209
162 226
163 192
164 198
165 203
166 242
166 185
167 190
169 177
173 175
173 199
176 244
179 232
179 221
179 222
180 237
187 213
188 249
189 225
194 208
196 251
197 229
199 211
201 249
202 206
204 245
204 208
205 219
207 225
216 251
224 246
234 237
246 253
