29222
14611
43834
21917
65752
32876
16438
8219
24658
12329
36988
18494
9247
27742
13871
41614
20807
62422
31211
93634
46817
140452
70226
35113
105340
52670
26335
79006
39503
118510
59255
177766
88883
266650
133325
399976
199988
99994
49997
149992
74996
37498
18749
56248
28124
14062
7031
21094
10547
31642
15821
47464
23732
11866
5933
17800
8900
4450
2225
6676
3338
1669
5008
2504
1252
626
313
940
470
235
706
353
1060
530
265
796
398
199
598
299
898
449
1348
674
337
1012
506
253
760
380
190
95
286
143
430
215
646
323
970
485
1456
728
364
182
91
274
137
412
206
103
310
155
466
233
700
350
175
526
263
790
395
1186
593
1780
890
445
1336
668
334
167
502
251
754
377
1132
566
283
850
425
1276
638
319
958
479
1438
719
2158
1079
3238
1619
4858
2429
7288
3644
1822
911
2734
1367
4102
2051
6154
3077
9232
4616
2308
1154
577
1732
866
433
1300
650
325
976
488
244
122
61
184
92
46
23
70
35
106
53
160
80
40
20
10
5
16
8
4
2
1
