43807
131422
65711
197134
98567
295702
147851
443554
221777
665332
332666
166333
499000
249500
124750
62375
187126
93563
280690
140345
421036
210518
105259
315778
157889
473668
236834
118417
355252
177626
88813
266440
133220
66610
33305
99916
49958
24979
74938
37469
112408
56204
28102
14051
42154
21077
63232
31616
15808
7904
3952
1976
988
494
247
742
371
1114
557
1672
836
418
209
628
314
157
472
236
118
59
178
89
268
134
67
202
101
304
152
76
38
19
58
29
88
44
22
11
34
17
52
26
13
40
20
10
5
16
8
4
2
1
