18795
56386
28193
84580
42290
21145
63436
31718
15859
47578
23789
71368
35684
17842
8921
26764
13382
6691
20074
10037
30112
15056
7528
3764
1882
941
2824
1412
706
353
1060
530
265
796
398
199
598
299
898
449
1348
674
337
1012
506
253
760
380
190
95
286
143
430
215
646
323
970
485
1456
728
364
182
91
274
137
412
206
103
310
155
466
233
700
350
175
526
263
790
395
1186
593
1780
890
445
1336
668
334
167
502
251
754
377
1132
566
283
850
425
1276
638
319
958
479
1438
719
2158
1079
3238
1619
4858
2429
7288
3644
1822
911
2734
1367
4102
2051
6154
3077
9232
4616
2308
1154
577
1732
866
433
1300
650
325
976
488
244
122
61
184
92
46
23
70
35
106
53
160
80
40
20
10
5
16
8
4
2
1
