65048
32524
16262
8131
24394
12197
36592
18296
9148
4574
2287
6862
3431
10294
5147
15442
7721
23164
11582
5791
17374
8687
26062
13031
39094
19547
58642
29321
87964
43982
21991
65974
32987
98962
49481
148444
74222
37111
111334
55667
167002
83501
250504
125252
62626
31313
93940
46970
23485
70456
35228
17614
8807
26422
13211
39634
19817
59452
29726
14863
44590
22295
66886
33443
100330
50165
150496
75248
37624
18812
9406
4703
14110
7055
21166
10583
31750
15875
47626
23813
71440
35720
17860
8930
4465
13396
6698
3349
10048
5024
2512
1256
628
314
157
472
236
118
59
178
89
268
134
67
202
101
304
152
76
38
19
58
29
88
44
22
11
34
17
52
26
13
40
20
10
5
16
8
4
2
1
