13115
39346
19673
59020
29510
14755
44266
22133
66400
33200
16600
8300
4150
2075
6226
3113
9340
4670
2335
7006
3503
10510
5255
15766
7883
23650
11825
35476
17738
8869
26608
13304
6652
3326
1663
4990
2495
7486
3743
11230
5615
16846
8423
25270
12635
37906
18953
56860
28430
14215
42646
21323
63970
31985
95956
47978
23989
71968
35984
17992
8996
4498
2249
6748
3374
1687
5062
2531
7594
3797
11392
5696
2848
1424
712
356
178
89
268
134
67
202
101
304
152
76
38
19
58
29
88
44
22
11
34
17
52
26
13
40
20
10
5
16
8
4
2
1
