237
253
177
39
155
169
110
151
116
79
74
64
75
238
16
54
14
226
144
52
255
177
184
14
138
83
31
72
115
193
35
229
9
119
116
192
192
165
83
165
205
12
107
131
176
77
181
46
171
138
129
250
27
118
140
217
80
145
115
47
98
160
243
165
78
236
8
110
249
76
243
29
114
46
170
53
207
41
184
217
29
9
179
14
23
79
190
38
84
109
249
86
25
39
142
205
85
176
170
163
181
140
92
184
17
142
149
228
134
134
98
30
171
97
177
114
102
184
25
89
167
46
170
210
186
145
119
109
209
118
11
195
80
56
189
156
106
53
249
122
130
58
42
120
58
147
26
228
85
67
227
98
58
117
124
108
8
208
38
153
240
177
230
79
103
107
66
114
65
153
148
248
209
136
174
83
157
12
89
76
213
205
81
214
81
18
6
77
214
33
81
122
242
6
88
184
78
106
198
11
118
231
32
82
64
88
201
75
89
148
31
218
211
146
120
31
147
231
218
38
2
5
228
166
199
188
99
169
96
66
52
141
119
133
160
43
19
162
147
61
39
125
23
229
94
119
174
190
124
0
120
31
252
252
143
116
224
65
252
102
247
190
88
127
80
91
138
97
122
125
185
253
80
41
168
85
91
17
90
190
1
133
5
211
0
202
212
77
10
232
204
134
15
92
234
162
94
180
215
144
67
249
92
25
81
91
141
31
129
101
227
30
179
87
107
108
242
189
84
54
83
99
191
140
126
77
74
169
86
251
68
130
177
154
197
198
100
250
178
154
139
95
135
184
137
137
41
120
229
95
118
199
100
47
241
153
184
132
179
121
1
104
125
181
164
132
225
248
167
193
25
239
21
197
78
26
185
149
238
38
250
85
153
131
205
100
218
170
49
105
102
197
204
51
255
192
177
230
55
24
150
53
138
138
125
155
229
235
5
243
115
16
144
26
19
110
244
75
211
162
93
145
10
167
171
254
82
222
104
