131
186
186
113
180
101
108
122
90
6
218
202
67
61
227
179
123
74
152
150
141
132
198
30
99
52
178
129
182
9
30
141
132
141
174
114
2
205
157
53
232
32
92
146
46
101
243
214
170
111
116
158
101
158
113
229
92
117
225
230
166
78
223
65
127
169
52
58
165
106
116
241
166
98
242
151
110
240
49
114
70
249
54
136
241
92
72
193
96
81
10
90
84
155
241
210
253
112
180
58
8
75
201
51
177
114
14
41
202
46
142
68
21
146
172
12
176
16
225
172
101
163
125
32
177
204
31
128
102
100
19
33
73
102
185
115
75
86
56
34
48
90
145
169
253
34
150
208
177
162
255
185
40
124
203
15
94
60
185
174
123
126
10
49
74
134
81
232
127
128
70
19
75
66
33
96
184
4
218
8
242
53
147
12
96
190
236
47
26
102
185
1
115
139
19
31
111
190
223
110
217
37
5
180
224
217
130
146
99
227
63
108
139
111
55
184
255
173
68
198
118
120
62
240
198
20
191
63
170
11
