66
30
153
117
134
158
98
210
50
236
171
8
162
23
115
127
34
30
30
52
45
134
164
48
97
58
174
240
144
46
5
173
31
93
153
31
115
235
162
152
47
92
126
32
154
211
106
85
131
112
193
7
63
218
211
19
137
238
235
23
9
84
31
146
156
179
239
41
102
210
24
59
90
229
19
177
63
189
248
213
173
254
133
0
199
232
53
202
24
31
19
117
251
47
188
88
138
174
225
66
103
172
208
215
238
255
43
234
228
143
148
247
234
198
134
126
47
241
212
100
17
185
112
110
79
108
154
178
180
5
36
58
182
158
60
48
187
147
43
67
195
148
193
173
228
196
38
113
108
145
16
90
28
60
71
181
113
142
203
170
156
129
177
191
150
101
61
24
116
141
8
167
252
103
2
255
77
100
96
98
32
223
223
163
16
116
111
239
169
166
109
183
136
42
25
168
70
243
8
200
152
227
76
11
0
88
187
55
50
73
151
152
133
229
119
212
59
26
131
173
116
194
175
199
166
189
231
199
231
138
195
230
243
217
156
205
63
27
94
175
143
46
104
153
30
151
135
9
174
90
157
159
160
140
240
28
243
57
141
95
102
184
228
150
182
96
238
151
212
143
237
171
41
47
210
61
135
229
137
63
214
245
101
5
244
16
251
244
82
210
230
148
140
37
51
239
239
147
217
66
17
40
200
1
14
158
84
52
50
14
245
188
70
177
152
98
73
63
9
102
58
186
84
45
17
56
1
51
107
214
222
177
52
184
136
14
203
94
157
56
44
36
99
27
182
214
75
5
251
55
235
137
63
130
207
174
109
82
13
149
95
239
83
28
158
117
139
59
131
130
211
188
202
93
122
223
251
118
178
103
245
116
143
243
100
222
40
41
146
193
250
152
125
201
53
47
136
198
215
241
227
64
252
11
8
141
209
186
41
76
196
239
29
58
118
240
85
178
92
35
36
125
77
152
3
49
111
76
110
153
198
85
101
87
176
125
236
151
59
239
187
12
37
192
234
125
140
134
236
188
252
197
208
255
157
41
115
204
1
244
176
138
145
131
127
200
173
184
116
142
6
108
159
234
198
191
198
188
167
176
251
88
94
26
75
10
206
178
219
104
18
17
113
222
205
62
111
238
106
165
169
183
28
163
95
120
223
145
247
60
248
103
196
6
12
224
189
75
120
165
246
24
235
65
75
57
63
178
65
188
103
181
24
249
214
16
109
73
242
161
72
19
213
205
133
233
16
18
127
116
201
38
106
233
213
220
239
199
81
201
133
27
226
239
163
158
115
98
151
252
161
119
226
245
135
18
130
41
211
69
53
164
202
75
95
28
194
190
141
27
83
182
6
151
181
48
227
189
117
234
222
163
207
186
89
6
134
131
104
11
38
106
153
47
10
242
9
138
26
211
212
54
172
193
40
156
230
53
198
169
59
94
156
200
174
64
49
155
167
238
45
110
194
52
240
169
74
134
101
216
91
206
46
16
0
176
31
34
152
111
106
83
98
20
30
167
152
229
124
83
189
116
109
159
69
68
201
43
175
71
135
24
97
191
75
82
178
161
1
120
85
177
82
68
177
238
188
190
3
164
213
90
230
63
224
