237
3
192
130
144
242
11
43
166
46
1
27
188
246
111
67
117
166
107
192
183
26
187
167
241
161
199
13
59
159
251
70
250
234
41
147
186
71
6
111
129
236
153
1
189
120
38
83
233
31
180
151
135
142
247
49
217
231
7
233
25
143
47
120
155
192
79
147
245
175
43
85
207
243
15
17
247
243
164
110
15
109
98
207
165
170
180
21
85
108
98
202
75
132
196
60
128
127
191
211
30
189
157
71
236
88
0
202
44
58
213
135
186
7
213
72
79
229
83
191
207
119
137
95
91
59
23
93
201
36
156
152
162
98
18
19
142
197
161
23
144
87
207
143
88
190
137
214
27
206
209
102
131
13
198
103
121
37
171
222
233
212
167
254
203
165
252
40
212
130
44
234
63
99
17
80
59
214
108
198
148
19
178
55
10
75
83
199
90
68
205
204
195
216
66
73
186
237
129
71
15
42
226
228
145
174
43
217
74
152
139
213
70
64
28
92
58
232
37
233
23
155
248
129
182
146
162
43
67
183
56
110
155
186
141
142
240
