0 37
0 70
0 167
0 64
0 221
0 245
0 61
0 75
0 180
0 133
0 238
0 72
0 204
1 36
1 190
1 76
1 214
1 18
1 193
1 216
2 238
2 155
2 119
2 7
2 146
2 139
2 24
2 174
2 98
2 25
2 26
2 110
3 135
3 93
3 27
3 240
3 70
3 215
3 115
3 71
3 102
3 150
4 13
4 71
4 54
4 227
4 246
4 185
4 135
4 193
4 131
5 250
5 185
5 39
5 188
5 31
5 36
5 161
6 230
6 99
6 35
6 21
6 133
6 55
6 94
6 246
6 83
7 226
7 79
7 178
7 153
8 26
8 173
8 10
8 241
8 213
8 12
8 185
8 144
8 123
9 138
9 31
9 69
9 108
9 195
9 83
9 158
10 50
10 32
10 11
10 210
10 137
10 76
10 182
10 52
10 226
11 111
11 121
11 27
11 225
11 92
11 119
11 192
11 104
11 238
11 245
12 53
12 230
12 204
12 85
12 192
12 130
12 249
12 190
12 134
12 75
12 57
12 26
12 161
13 68
13 251
13 197
13 93
13 129
13 232
13 138
13 165
14 40
14 179
14 81
14 93
15 107
15 195
16 224
16 19
16 176
16 54
16 179
16 206
16 199
17 152
17 210
17 52
17 225
17 54
17 101
17 84
18 29
18 220
18 47
18 160
18 218
18 43
18 209
19 215
19 130
19 187
19 228
20 214
20 243
20 143
20 213
20 26
21 173
21 193
21 195
21 234
21 215
21 66
21 151
21 53
22 196
22 190
22 159
22 120
22 162
23 246
23 240
24 252
24 70
24 171
24 145
24 249
24 89
24 251
25 82
25 38
25 164
25 251
25 170
25 138
25 174
25 75
25 126
26 140
26 183
26 156
26 48
26 157
26 217
26 253
27 165
27 197
27 219
27 132
27 221
27 104
27 226
27 114
27 237
28 90
28 211
28 251
28 102
28 42
28 215
28 149
28 97
28 133
29 34
29 41
29 69
29 225
29 31
29 132
29 215
29 184
29 77
29 159
29 137
29 167
30 132
30 57
30 44
30 177
30 51
30 38
30 247
30 204
30 49
31 138
31 100
31 114
31 47
31 83
31 62
32 81
32 36
32 121
32 207
32 218
32 59
32 145
33 154
33 175
34 107
34 61
34 255
34 55
34 157
34 247
34 146
34 166
34 128
34 41
35 158
35 219
35 106
35 152
35 65
35 185
35 44
36 210
36 122
36 103
36 221
36 176
36 236
36 209
37 67
37 70
37 249
37 205
37 95
38 213
38 240
38 57
38 59
38 132
38 151
39 172
39 116
39 98
40 239
40 87
40 65
40 107
40 252
40 112
40 222
40 109
40 129
41 146
41 150
41 69
41 198
41 239
42 126
42 252
42 193
42 106
42 220
42 156
43 197
43 55
43 65
43 205
43 194
44 158
44 45
44 108
45 117
45 158
45 201
45 110
45 148
45 167
46 55
46 165
46 52
46 244
46 116
46 82
46 181
47 150
47 171
47 170
47 60
47 174
47 135
47 107
47 247
48 151
48 215
48 58
48 50
48 80
49 122
49 117
49 220
49 204
49 107
49 65
50 62
50 104
50 185
50 162
50 169
51 209
51 99
51 146
51 105
51 95
52 136
52 99
52 86
52 152
52 122
53 132
53 168
53 145
53 157
53 214
54 161
54 183
54 165
55 245
55 216
55 119
55 228
55 60
55 208
55 110
55 69
55 111
56 60
56 183
56 252
57 201
57 234
57 123
57 101
57 152
57 245
58 110
58 253
58 179
58 156
58 95
58 239
58 232
58 172
58 204
59 236
59 221
59 69
59 66
60 81
60 182
60 155
60 204
60 93
60 82
60 203
61 167
61 237
61 111
61 147
61 229
62 188
62 231
62 203
62 173
62 230
62 79
62 154
62 141
63 189
63 94
63 222
64 238
64 193
64 152
64 83
64 215
64 222
64 135
65 109
65 141
66 234
66 191
66 252
66 231
67 252
67 72
67 112
67 204
67 249
67 207
67 82
68 177
68 138
68 73
68 161
68 201
68 203
68 114
69 179
69 157
69 104
69 199
69 171
70 229
70 131
70 160
70 162
70 112
70 99
70 103
71 134
71 92
71 216
71 99
71 116
71 249
71 87
71 221
71 230
71 243
71 161
71 231
72 136
72 236
72 110
72 184
72 208
72 145
73 151
73 127
73 169
73 221
73 236
73 136
74 253
74 128
74 82
74 115
74 91
74 81
74 200
74 92
75 234
75 104
75 220
75 147
75 76
75 128
76 154
76 226
76 208
76 151
76 219
76 227
77 228
77 235
77 172
78 108
78 196
78 111
78 207
78 128
78 215
78 160
79 159
79 236
79 194
79 126
79 253
80 184
80 207
81 180
81 139
81 164
81 147
81 183
82 116
82 180
82 104
82 162
82 151
82 86
82 135
82 128
82 225
83 127
83 89
83 185
83 237
83 252
83 135
83 139
83 130
83 194
83 129
83 142
84 232
84 176
84 94
84 127
84 126
85 214
85 124
86 246
86 217
86 139
86 134
86 121
86 108
86 181
87 158
87 98
87 126
88 100
88 194
88 231
88 230
88 226
88 192
88 207
89 245
89 92
89 215
89 121
89 251
89 152
89 254
90 99
90 102
90 141
90 158
90 103
90 168
90 174
90 145
90 178
91 102
91 114
91 194
91 136
91 149
91 218
92 144
92 182
92 140
92 229
92 129
92 133
93 116
93 112
93 111
93 122
93 98
93 97
93 183
93 239
93 128
94 212
94 229
94 180
94 155
94 116
94 211
94 128
94 213
94 172
94 144
95 148
95 155
95 131
95 214
96 172
96 154
96 127
96 238
96 115
96 111
97 234
97 198
97 186
97 103
97 206
97 184
97 228
97 240
98 179
98 165
98 108
99 103
99 187
100 239
100 106
100 196
100 191
100 197
101 121
101 128
101 118
101 143
101 110
102 163
102 236
102 143
102 164
102 186
103 132
103 223
104 211
104 248
104 107
105 198
105 253
105 220
106 237
106 180
106 241
106 224
106 250
107 212
107 168
107 229
107 160
107 178
108 135
108 193
108 121
108 133
108 139
109 183
109 204
110 188
110 255
110 245
110 157
111 136
111 219
111 223
111 243
112 183
112 201
112 177
112 154
113 126
113 155
113 215
113 217
113 253
113 159
113 226
114 191
114 147
114 199
114 127
115 147
115 129
115 209
115 226
115 237
115 195
116 122
116 189
116 131
116 234
117 222
117 219
117 241
117 142
118 124
118 149
118 120
118 154
118 136
119 204
119 167
119 183
119 189
120 235
120 225
120 165
120 143
121 254
121 179
121 187
121 134
121 252
122 234
122 212
122 138
122 143
123 217
123 208
123 166
124 131
125 252
125 196
125 232
125 226
125 154
125 151
125 191
125 238
126 202
126 236
126 222
127 191
127 250
127 179
127 155
127 129
127 128
127 251
127 189
127 143
128 169
129 171
129 142
129 213
129 251
129 180
129 224
129 159
129 221
129 173
129 184
129 136
129 156
130 179
130 247
130 242
131 241
131 149
131 180
131 254
131 174
132 189
132 143
132 245
132 204
132 248
132 173
133 216
133 241
134 173
134 143
135 154
135 186
135 175
135 150
135 252
135 169
136 168
136 248
136 144
136 166
137 164
137 155
137 176
137 222
137 230
137 228
138 239
138 159
138 173
138 149
139 226
139 151
140 183
140 155
140 231
140 199
141 193
141 240
142 165
142 152
142 168
144 194
144 211
144 153
144 197
144 235
145 159
145 233
145 242
146 250
147 181
148 244
148 245
148 240
148 199
149 166
149 165
149 162
150 192
150 237
150 191
150 152
150 155
151 233
151 252
152 255
153 229
154 213
154 180
155 209
155 247
155 221
156 200
156 244
157 236
157 243
157 224
157 216
157 166
157 162
157 222
158 169
158 222
159 188
159 208
159 213
160 164
160 162
160 196
160 217
160 200
160 227
161 218
161 195
161 234
162 247
162 217
162 215
163 169
163 185
163 214
163 208
163 194
164 185
165 248
165 190
165 182
165 180
165 172
167 235
167 221
167 209
167 240
167 180
168 238
168 200
168 245
169 191
169 187
170 185
170 231
171 216
171 215
171 175
172 225
172 236
173 175
173 250
173 223
173 174
174 214
174 222
174 236
174 245
175 221
175 202
175 234
175 214
177 185
177 193
177 203
177 236
177 240
178 205
178 231
178 251
179 230
179 193
179 185
180 251
180 191
181 237
181 212
181 187
181 197
181 223
183 187
184 204
184 235
184 218
184 222
185 200
185 202
186 232
186 227
187 232
187 224
188 216
188 219
189 252
189 222
190 228
190 216
191 219
192 213
192 194
192 225
193 221
193 223
193 210
194 241
194 224
194 223
195 243
195 210
196 208
196 253
197 210
198 232
198 223
198 252
199 240
201 244
203 213
205 255
206 249
206 255
207 253
208 212
208 211
208 216
209 212
210 254
210 226
212 235
212 243
213 218
213 219
214 235
214 249
215 232
216 226
217 241
218 225
218 228
219 255
219 223
221 222
222 231
222 253
224 241
230 239
230 241
232 237
233 255
234 239
234 235
236 251
238 244
242 245
251 255
