0 87
0 75
0 83
0 22
0 18
1 52
1 46
1 104
1 42
1 70
1 79
1 111
1 205
1 76
1 28
2 233
2 66
2 160
2 249
2 125
2 190
2 165
2 92
2 205
2 104
2 155
3 122
3 132
3 87
3 187
3 24
3 49
3 73
3 154
4 17
4 81
4 117
4 58
4 220
4 154
4 248
5 153
5 55
5 141
5 172
5 178
5 80
5 161
5 119
5 207
5 149
5 124
5 64
5 220
6 103
6 105
6 30
6 225
6 21
6 18
6 183
7 84
7 239
7 39
7 207
7 29
7 109
7 160
8 158
8 228
8 121
8 130
8 42
8 239
8 118
8 45
9 118
9 204
9 20
9 192
9 137
9 203
9 161
9 252
9 226
10 19
10 190
10 113
10 240
10 23
10 57
10 250
10 36
11 234
11 76
11 248
11 208
11 147
12 123
12 39
12 17
12 132
12 246
12 62
12 20
12 213
12 169
13 98
13 215
13 108
13 26
13 193
13 146
14 157
14 243
14 100
14 58
14 166
14 88
14 178
14 125
14 184
14 93
15 89
15 143
15 19
15 36
15 54
15 93
15 45
15 150
16 35
16 122
16 99
16 230
16 73
16 182
16 135
16 126
16 20
17 119
17 22
17 141
17 37
17 209
17 225
17 57
17 32
17 208
18 140
18 99
18 253
18 240
18 187
18 71
19 53
19 119
19 180
19 123
19 236
20 233
20 174
20 238
20 155
20 218
20 48
20 183
20 44
21 80
21 139
21 112
21 217
22 148
22 166
22 53
22 235
22 237
22 249
22 136
22 47
23 57
23 192
23 242
23 232
24 239
24 250
24 194
24 167
24 99
24 215
24 49
24 238
24 174
24 147
24 183
24 98
25 149
25 253
25 200
25 42
25 243
26 99
26 77
26 152
26 184
26 133
26 205
26 87
26 247
27 183
27 60
27 144
27 116
27 228
27 192
27 180
27 146
27 36
27 104
27 182
28 240
28 180
28 242
28 50
28 212
29 63
29 217
29 30
29 172
29 70
29 182
29 234
29 81
30 231
30 152
30 125
30 196
31 126
31 85
31 61
31 105
31 175
31 199
31 39
31 50
32 80
32 211
32 162
32 217
32 99
32 127
33 99
33 173
33 178
33 222
33 177
33 209
33 193
34 55
34 221
34 69
34 249
34 157
34 207
35 211
35 205
35 67
35 49
35 81
35 156
35 253
35 248
35 207
35 38
36 245
36 134
36 221
36 172
36 92
36 143
36 165
36 54
36 158
37 100
37 210
37 106
37 67
38 98
38 74
38 167
38 152
38 85
38 186
39 95
39 84
39 234
39 237
39 126
39 69
40 71
40 105
40 241
40 179
40 225
40 52
40 169
40 42
40 132
40 206
40 233
41 124
41 150
41 206
41 227
41 95
41 75
42 95
42 115
42 48
42 236
42 121
42 102
43 64
43 58
43 174
43 109
43 84
43 111
44 244
44 88
44 100
44 94
44 188
44 81
45 124
45 47
45 254
46 189
46 246
46 71
46 240
46 70
46 194
46 167
46 68
46 97
47 105
47 113
47 211
47 84
47 237
47 180
47 80
47 240
48 225
48 213
48 163
48 234
48 147
49 101
49 75
49 67
49 232
49 117
49 87
49 147
49 51
49 162
49 94
49 112
49 159
50 183
50 115
50 202
50 251
50 130
50 72
50 90
50 214
51 108
51 53
51 75
51 159
51 144
51 102
52 119
52 89
52 156
52 230
52 194
52 99
52 192
52 159
52 147
52 135
52 69
53 223
53 155
53 218
53 224
54 94
54 212
54 86
54 109
54 61
55 211
55 65
55 237
56 231
56 85
56 251
56 212
56 233
56 170
56 164
57 158
57 168
57 119
57 252
57 151
57 177
57 124
57 68
57 146
57 244
58 117
58 157
58 199
58 160
58 196
58 159
59 246
59 161
59 155
59 76
59 157
59 175
60 181
60 238
60 63
61 248
61 88
61 62
61 109
61 192
61 127
61 154
62 69
62 247
62 174
62 171
62 178
62 158
63 252
63 187
63 203
63 164
63 154
64 221
64 110
64 253
64 226
64 191
64 130
65 139
65 179
65 86
65 158
65 114
66 117
66 146
67 175
67 115
67 223
67 100
67 81
67 77
67 163
67 130
67 189
68 190
68 76
68 101
68 103
68 234
68 174
68 208
69 194
69 139
69 132
69 106
69 255
69 232
69 167
69 200
70 238
70 117
70 89
70 215
70 139
70 137
70 209
70 136
71 130
71 154
71 197
71 118
71 227
72 134
72 226
72 152
72 168
72 112
72 170
73 154
73 122
73 145
73 175
74 231
74 76
74 78
74 158
74 221
74 143
74 160
74 165
75 195
75 250
76 121
76 192
76 82
76 103
77 97
77 143
77 230
78 150
78 252
78 109
78 222
78 182
78 174
78 201
78 87
78 159
78 172
78 212
79 199
79 97
79 181
79 202
79 206
79 177
79 104
80 112
80 115
80 230
80 237
80 136
80 173
80 205
80 249
81 165
81 247
81 157
81 230
81 216
81 231
82 177
82 149
82 224
82 237
82 222
82 235
83 254
83 234
83 91
83 154
84 230
84 233
84 196
84 127
84 232
84 102
84 113
85 153
85 86
86 237
86 130
86 194
86 231
86 169
86 251
86 142
86 101
87 208
87 235
87 230
87 207
87 90
87 217
87 186
88 133
88 170
88 197
88 242
88 228
88 149
89 235
89 97
89 146
89 196
89 176
90 200
90 122
90 239
90 191
90 235
90 157
90 113
90 135
91 222
92 106
92 102
92 171
92 186
92 143
93 94
93 210
93 100
93 106
93 176
93 228
94 235
94 205
94 201
94 160
94 248
95 109
96 133
96 206
96 175
96 152
97 206
97 190
97 231
97 133
97 249
98 232
98 206
98 128
98 126
98 121
98 188
99 134
99 223
99 136
99 227
99 152
99 232
99 118
100 143
100 179
100 200
100 206
101 120
101 215
101 238
101 138
101 145
102 243
102 186
102 201
102 122
103 201
103 185
103 127
103 115
104 151
105 254
105 155
105 228
105 236
106 229
106 254
106 171
106 155
106 204
106 240
106 111
107 115
107 252
107 224
108 155
108 180
108 194
108 133
109 217
109 187
109 243
109 214
109 173
110 175
110 235
110 172
110 215
111 227
111 175
111 128
111 178
111 170
111 199
111 167
111 230
112 191
112 178
112 120
113 205
113 181
114 208
114 196
114 228
114 184
114 238
115 218
115 200
115 137
115 174
115 219
115 147
115 205
115 187
115 126
115 199
116 188
116 159
116 170
116 218
116 254
117 155
117 194
117 250
117 186
117 237
117 203
118 219
118 232
118 228
118 147
118 154
118 198
118 158
119 124
120 205
120 129
120 230
120 138
120 145
120 197
121 123
121 152
121 144
121 128
122 251
122 220
122 184
122 193
123 224
123 218
124 202
124 233
125 161
125 165
125 187
125 222
126 154
126 207
126 213
126 217
126 180
127 175
127 203
128 192
128 175
128 178
128 217
129 226
129 163
129 247
129 239
129 161
131 246
131 183
131 211
132 186
133 253
133 175
133 151
133 228
134 251
134 145
134 204
134 140
134 243
134 164
135 206
135 180
135 136
135 181
135 171
136 180
136 224
137 185
137 222
137 152
137 254
137 149
137 220
138 200
138 194
138 228
138 140
139 142
139 157
140 141
140 237
140 187
141 169
141 251
142 144
142 241
142 232
142 233
143 248
143 171
144 243
144 176
144 187
144 193
144 153
145 232
145 155
145 151
145 195
146 193
146 219
146 247
147 196
148 232
148 167
148 183
150 235
151 218
151 159
151 228
151 171
152 155
152 172
152 156
152 163
153 187
153 242
154 225
155 231
155 230
155 212
156 204
156 191
157 174
157 169
157 208
157 213
157 217
157 214
158 246
158 189
159 192
160 192
160 194
161 203
161 210
161 191
162 235
162 218
162 165
163 217
164 247
164 204
165 175
165 238
165 170
165 182
166 182
166 225
167 179
167 173
167 231
167 177
167 234
168 226
168 234
168 221
168 204
168 201
169 211
169 238
169 186
169 253
170 199
170 190
170 186
171 188
171 182
172 200
172 178
173 181
173 186
173 209
173 212
174 239
174 251
174 208
175 222
175 250
176 201
176 179
176 215
176 246
177 220
177 212
178 231
178 232
180 228
180 195
181 206
181 233
182 206
183 242
183 212
184 208
184 237
185 201
185 248
185 210
186 196
187 225
187 241
187 208
188 189
188 232
188 246
188 255
188 204
189 225
190 235
190 204
190 243
191 240
191 244
192 194
196 237
197 222
198 219
198 232
198 254
198 199
199 224
199 212
199 233
200 213
200 219
200 210
200 206
201 243
201 236
202 219
203 225
204 239
207 251
207 254
208 248
208 228
209 240
209 251
209 215
209 236
209 247
211 240
211 213
211 224
212 240
213 251
214 223
214 219
215 242
216 239
217 251
217 242
218 245
219 248
220 228
220 221
221 251
222 251
224 250
224 234
224 251
225 252
226 252
228 237
228 240
228 242
228 254
229 232
230 253
234 244
235 247
237 246
237 238
238 240
238 245
242 255
245 247
247 248
247 251
