0 95
0 144
0 109
0 63
0 13
0 81
0 117
0 6
0 177
0 124
0 127
1 156
1 110
1 199
1 203
1 112
1 161
1 198
1 111
2 213
2 132
2 6
2 168
2 206
2 123
3 97
3 106
3 126
3 249
4 43
4 26
4 7
4 152
4 97
5 198
5 31
5 69
5 194
5 216
5 12
5 101
5 180
5 143
5 22
5 119
5 47
5 224
6 171
6 92
6 113
6 63
6 224
6 46
6 26
6 185
7 60
7 145
7 35
7 203
7 164
7 155
7 177
8 50
8 36
8 23
8 83
8 67
8 21
8 143
8 121
8 137
8 211
8 64
9 220
9 34
9 125
9 151
9 52
9 35
9 198
10 184
10 91
10 79
10 241
10 67
10 254
10 78
10 23
10 175
11 105
11 42
11 12
11 226
11 165
11 62
11 218
12 141
12 25
12 194
12 69
12 29
12 138
13 228
13 19
13 205
13 15
13 84
13 94
13 130
13 126
13 132
13 118
14 109
14 82
14 151
14 96
14 174
14 97
14 47
15 228
15 29
15 88
15 169
15 96
15 25
15 102
16 41
16 243
16 76
16 149
16 83
16 92
16 218
17 31
17 46
17 59
17 25
17 24
17 216
18 152
18 189
18 80
18 55
18 44
18 226
19 87
19 73
19 208
19 174
19 81
20 36
20 104
20 26
20 154
20 252
20 107
20 43
20 118
20 204
20 184
20 158
21 191
21 186
21 131
21 247
21 220
21 199
21 133
22 181
22 162
22 44
23 68
23 213
23 81
24 35
24 56
24 143
24 41
24 100
24 51
24 206
24 103
25 104
25 119
25 203
25 62
25 116
26 188
26 41
26 48
26 169
26 98
26 235
26 55
26 65
27 156
27 74
27 109
27 162
27 166
27 80
27 208
28 252
28 251
28 244
29 138
29 70
29 212
29 227
29 107
29 178
29 98
29 90
30 55
30 169
30 235
30 171
30 156
30 147
30 254
30 93
30 221
31 38
31 205
31 138
31 154
31 156
31 120
31 125
31 67
32 65
32 201
32 185
32 164
32 55
32 58
32 141
32 93
32 225
32 193
32 88
33 215
33 70
33 112
33 202
34 241
34 173
34 211
34 216
34 79
34 234
35 56
35 201
35 119
35 58
35 221
35 159
35 182
35 48
36 223
36 48
36 78
36 107
36 57
36 183
36 210
37 213
37 144
37 126
37 143
37 115
37 134
37 211
37 93
37 138
37 206
37 136
37 128
38 82
38 184
38 100
38 52
38 132
38 169
38 235
39 175
39 199
39 57
39 92
40 90
40 173
40 183
40 230
40 50
40 62
40 146
40 150
41 54
41 134
41 123
41 79
41 177
41 146
41 167
41 52
41 237
42 132
42 96
42 157
42 244
42 225
42 174
43 151
43 103
43 186
43 49
44 110
44 195
44 152
44 244
44 58
44 171
44 68
44 46
45 191
45 160
45 129
45 193
45 136
45 59
45 109
45 140
45 141
45 51
46 139
46 50
46 174
46 197
46 193
47 202
47 235
47 102
47 227
47 234
48 98
48 108
48 84
48 186
48 51
48 190
48 120
49 220
49 64
49 87
49 114
49 54
49 235
49 214
50 151
50 164
50 210
50 171
51 80
51 217
51 103
51 66
51 123
52 118
52 208
53 146
53 199
53 106
53 127
53 168
53 226
53 86
53 63
54 87
54 247
54 138
54 201
55 56
55 206
55 189
55 74
55 132
55 90
55 200
56 238
56 217
56 103
56 236
56 220
56 190
56 215
57 185
57 64
57 204
57 248
57 107
58 129
58 229
58 239
58 148
58 192
58 218
58 217
59 212
59 196
59 147
59 124
59 65
59 225
59 154
59 243
59 224
59 125
59 64
60 181
60 226
60 194
60 185
60 189
60 132
60 108
60 124
60 251
61 152
61 128
61 92
61 127
62 232
62 202
62 190
62 246
62 75
62 195
62 87
63 136
63 242
64 234
64 183
64 236
64 126
64 179
65 176
65 67
65 212
66 137
66 106
66 220
66 112
66 134
66 126
66 162
66 230
66 155
66 182
66 180
67 111
67 166
67 78
67 176
67 200
67 110
67 76
67 232
67 81
68 159
68 245
68 121
68 165
68 127
69 205
69 93
69 194
70 181
70 250
70 254
71 198
71 86
71 94
71 236
71 199
72 88
72 194
72 169
72 214
72 154
72 75
72 240
72 208
73 114
73 153
73 102
73 165
73 185
73 194
73 112
74 134
74 247
74 175
74 89
74 243
74 208
75 186
75 197
75 199
75 237
75 224
75 110
76 226
76 172
76 215
76 248
76 127
76 254
76 123
76 206
76 103
77 250
77 90
77 165
77 210
78 233
78 123
78 110
78 242
78 179
78 195
79 80
79 128
79 171
79 208
80 198
80 88
80 238
80 112
80 106
80 156
80 239
80 204
80 95
80 82
80 144
80 113
80 133
81 101
81 227
81 198
82 226
82 157
82 118
83 103
83 182
83 137
83 169
83 97
83 131
83 129
84 100
84 119
84 141
85 178
85 174
85 107
85 247
85 188
85 168
86 179
86 242
86 197
86 176
86 125
86 132
87 102
87 242
87 219
87 111
87 181
88 230
88 201
88 117
88 246
88 229
88 140
88 148
88 90
88 254
89 218
89 247
89 192
89 170
89 143
89 167
89 155
90 189
90 207
90 108
90 192
90 223
91 250
91 111
91 217
91 205
91 128
92 110
92 173
92 178
93 143
93 195
93 240
93 109
93 233
93 139
94 246
94 139
94 214
94 252
94 185
94 121
94 243
95 201
95 148
95 227
95 253
95 121
95 134
96 184
96 192
96 190
96 133
96 203
96 179
97 109
97 110
97 243
97 252
97 156
98 208
98 105
98 214
99 163
99 231
99 220
99 201
100 153
100 219
100 128
100 231
100 123
101 252
101 245
101 211
101 188
101 244
102 134
102 156
102 179
102 129
102 145
102 184
102 218
103 182
103 104
103 129
103 243
104 244
104 232
105 124
106 231
106 243
106 124
106 191
107 178
107 156
107 206
107 128
108 186
108 199
108 232
108 254
108 148
108 178
109 218
109 220
109 198
109 141
109 249
109 223
110 127
110 231
111 143
111 213
112 217
112 130
112 192
112 133
113 163
113 233
113 241
113 127
113 144
113 203
113 244
113 208
114 151
114 166
114 179
114 161
114 227
114 154
114 144
115 131
115 137
115 151
115 206
115 122
115 145
115 228
116 187
116 208
116 178
116 154
117 209
117 119
117 200
117 252
117 199
117 232
118 239
118 221
118 163
118 209
118 156
118 222
118 194
118 208
118 164
118 244
118 188
119 225
119 140
119 172
119 132
119 134
120 252
120 145
120 171
120 185
120 235
120 241
121 174
121 146
121 245
121 222
121 187
122 233
122 248
123 140
123 132
123 183
123 178
123 205
124 242
124 223
124 187
124 163
124 219
125 226
126 254
126 222
126 165
127 222
127 129
127 215
128 233
128 130
128 253
128 182
129 234
129 162
129 209
129 186
130 179
130 192
130 236
131 219
131 230
131 207
131 139
131 193
132 136
132 221
132 204
133 224
133 229
133 223
134 170
134 209
134 183
135 255
135 238
136 169
136 193
136 183
136 223
137 191
137 245
137 176
137 180
137 229
137 145
138 193
138 195
139 234
139 184
139 235
139 203
140 239
140 211
140 220
140 223
140 164
140 160
141 178
141 228
141 168
141 239
142 238
142 189
144 182
144 254
145 249
145 192
145 165
145 191
145 234
146 210
146 202
147 151
147 181
147 184
148 238
148 213
148 221
148 178
148 190
149 189
149 155
149 178
150 250
151 233
151 219
152 220
152 215
153 188
153 170
153 159
154 247
154 158
154 221
154 179
155 240
156 212
156 228
156 224
156 166
157 255
157 227
157 254
159 208
159 216
160 239
160 210
160 253
161 218
161 230
161 190
161 166
161 222
162 171
163 189
163 225
163 219
163 223
163 221
163 172
164 188
164 242
165 191
165 247
165 215
165 246
165 180
166 184
167 235
167 227
168 173
169 204
169 205
170 205
170 253
170 184
170 216
170 192
171 222
172 217
172 179
172 174
174 197
175 190
175 216
175 222
176 223
176 249
176 243
177 207
178 183
179 211
179 240
179 225
181 255
182 240
182 213
183 230
183 244
183 200
183 188
183 234
183 253
184 207
184 255
185 186
186 188
186 206
186 187
187 246
187 200
187 189
188 232
189 236
189 221
189 249
189 192
190 214
190 235
190 233
190 251
191 253
191 192
191 254
192 252
192 235
193 208
193 198
193 206
194 231
194 209
194 249
194 229
194 251
196 242
196 240
197 227
197 235
198 245
198 217
199 248
199 249
200 214
201 245
201 251
201 215
201 249
202 237
202 205
203 218
203 250
205 242
205 250
205 224
206 236
206 208
206 247
208 222
208 254
208 223
209 247
209 228
209 218
210 227
211 247
211 236
211 251
211 243
212 215
212 219
212 228
214 240
214 229
215 255
217 232
218 238
219 254
220 240
220 232
223 246
225 247
227 247
227 236
230 233
230 253
231 234
232 242
232 236
234 237
235 237
236 248
238 247
239 241
241 253
241 252
246 255
