0 58
0 255
0 139
0 45
0 239
0 188
0 204
0 73
0 220
0 78
1 81
1 204
1 169
1 229
1 70
1 209
1 144
2 47
2 52
2 39
2 24
2 198
2 3
3 59
3 79
3 251
3 8
3 160
3 39
3 222
3 213
3 33
4 171
4 156
4 221
4 247
4 219
4 67
4 207
4 193
4 63
4 93
5 189
5 99
5 221
5 168
5 224
6 51
6 200
6 94
6 113
6 199
7 160
7 128
7 75
7 124
7 93
7 242
7 174
7 151
8 95
8 163
8 157
8 10
8 153
8 191
8 224
8 17
8 136
8 14
8 178
9 157
9 110
9 229
9 71
9 114
9 124
10 101
10 142
10 126
10 35
10 158
10 125
10 104
10 253
11 186
11 248
11 26
11 223
11 236
11 100
11 86
12 114
12 168
12 106
12 225
12 211
12 234
12 15
12 19
12 95
12 66
12 212
13 56
13 240
13 159
13 86
13 245
13 96
13 107
13 104
13 28
14 88
14 50
14 240
14 187
14 225
14 126
14 121
14 232
15 137
15 33
15 143
15 185
15 64
15 197
15 208
15 246
15 94
15 222
15 122
15 226
16 160
16 242
16 59
16 129
16 22
16 74
16 231
16 56
17 66
17 82
17 227
17 141
17 91
17 23
17 92
17 165
17 55
17 162
17 195
18 60
18 127
18 140
18 228
18 218
18 170
18 42
18 126
18 242
18 240
19 209
19 227
19 246
19 153
19 86
19 30
19 225
19 165
20 148
20 233
20 192
20 152
20 225
20 123
20 214
20 100
20 173
20 201
20 246
21 57
21 68
21 240
21 134
21 179
21 27
21 227
21 157
21 92
21 160
22 101
22 212
22 29
22 187
22 31
22 83
22 226
22 190
23 235
23 95
23 176
23 92
23 121
23 181
23 210
24 230
24 186
24 238
24 112
24 155
25 209
25 186
25 91
25 105
25 112
25 41
25 69
25 180
25 58
25 164
26 122
26 240
26 30
26 136
26 56
26 112
26 95
26 53
26 185
26 38
27 240
27 202
27 243
27 102
27 166
27 127
27 237
28 109
28 185
28 244
28 180
28 42
28 237
28 206
28 96
29 30
29 171
29 195
29 117
29 179
29 188
29 54
29 121
30 56
30 225
30 103
30 126
30 134
30 229
30 213
30 201
30 101
31 207
31 79
31 121
31 212
31 128
31 197
31 222
31 105
31 252
31 185
32 55
32 132
32 129
32 117
32 248
32 51
33 247
33 167
34 65
34 239
34 187
34 91
35 154
35 53
35 160
35 144
35 122
35 210
35 215
35 236
36 236
36 45
36 253
36 97
37 85
37 128
37 104
37 186
37 197
38 156
38 177
38 185
38 54
38 229
38 196
38 243
38 217
38 219
39 66
39 159
39 90
39 111
40 170
40 186
40 78
40 254
40 234
40 146
41 78
41 137
41 53
41 245
41 215
41 67
42 118
42 127
42 198
42 88
42 231
42 248
42 234
42 209
43 160
43 186
43 171
43 223
43 91
43 228
43 84
44 77
44 138
44 129
45 181
45 97
45 73
45 249
45 146
45 50
45 56
46 63
46 216
46 52
46 239
46 236
46 247
47 77
47 88
47 242
47 160
47 211
47 99
48 148
48 135
48 99
48 102
48 62
48 192
49 143
49 227
49 203
49 147
49 95
50 147
50 223
50 75
50 52
50 245
50 56
50 106
50 165
50 110
50 162
51 235
51 79
51 254
52 179
52 128
52 107
52 200
52 105
52 86
52 199
52 225
52 183
52 118
52 66
53 139
53 142
53 144
53 90
53 71
54 200
54 127
54 205
54 121
54 255
54 124
54 191
55 222
55 116
55 225
55 162
55 123
56 224
56 67
56 131
56 130
56 78
56 176
56 229
57 180
57 188
57 224
57 158
57 228
57 135
57 234
58 119
58 141
58 226
58 186
58 158
58 121
59 165
59 122
59 212
59 134
59 216
59 74
60 198
60 252
60 203
60 216
60 202
60 185
60 120
60 212
60 67
61 243
61 185
61 162
61 204
62 134
62 175
62 152
62 105
63 206
63 170
63 236
63 174
63 185
63 96
63 227
63 225
63 73
64 68
64 195
64 94
64 174
64 162
64 177
64 75
65 219
65 126
65 138
65 164
66 119
66 73
66 159
66 191
66 183
66 165
67 232
67 113
67 252
67 237
67 156
67 144
68 191
68 156
68 208
68 76
69 87
69 210
69 145
69 234
69 205
70 140
70 231
70 146
70 214
70 189
70 236
70 188
70 211
70 253
70 144
71 105
71 182
71 133
71 255
71 100
71 106
72 168
72 140
72 117
72 228
72 249
73 178
73 111
73 214
73 98
73 86
73 108
73 235
73 122
73 186
73 82
74 241
74 206
75 145
75 133
75 246
75 211
75 198
75 160
76 245
76 195
76 163
77 224
77 216
78 233
78 173
78 131
78 102
78 138
79 113
79 170
79 169
79 98
79 127
79 84
79 118
80 126
80 155
80 109
81 228
81 173
81 175
81 147
82 228
82 86
82 110
82 192
82 179
82 150
83 164
83 213
83 108
83 178
83 206
84 206
84 190
84 168
84 132
85 90
85 188
85 147
85 124
86 123
86 186
86 187
86 200
86 241
86 124
86 107
87 104
87 193
87 223
88 253
88 136
88 116
88 254
89 254
89 180
90 224
90 164
90 174
90 97
90 123
90 162
90 118
91 186
91 129
91 239
91 222
91 223
91 191
92 149
92 158
92 239
93 237
94 233
94 164
94 241
94 153
94 145
95 189
95 109
95 200
95 121
95 127
96 109
96 162
96 200
96 191
96 228
97 238
97 244
98 183
98 141
98 182
98 167
98 132
98 246
99 207
99 206
99 216
99 160
99 166
100 195
100 209
100 107
101 177
101 144
102 132
102 198
102 118
102 143
103 115
103 141
103 167
103 253
103 252
103 145
104 237
104 180
104 222
104 181
105 194
105 191
105 156
105 202
105 222
106 244
106 107
106 113
106 218
106 178
107 218
107 189
107 226
107 158
107 196
108 200
108 181
108 160
109 229
109 190
110 138
110 236
110 162
110 215
110 195
110 226
111 135
111 174
111 158
111 163
112 198
112 207
112 152
112 214
112 226
113 135
113 245
113 187
113 172
113 161
113 131
113 226
114 177
114 188
114 134
115 153
115 193
115 219
115 144
115 244
116 208
116 154
116 191
116 195
117 126
117 223
117 207
117 165
117 239
117 120
118 178
118 184
118 127
118 207
118 244
118 121
119 213
119 254
119 135
120 126
120 235
120 245
121 201
121 245
122 151
122 157
122 160
122 239
122 237
122 247
124 202
124 247
124 145
124 141
125 188
125 234
125 138
125 250
126 214
126 189
126 145
126 149
126 215
126 172
127 185
128 182
128 142
128 135
128 250
128 242
129 217
129 238
129 207
130 184
130 197
130 231
131 252
131 224
131 234
131 215
131 171
131 254
132 241
132 191
132 159
132 186
133 202
133 159
133 199
133 206
133 148
133 164
134 217
134 181
134 229
134 197
134 156
135 197
135 173
135 221
136 140
136 153
136 191
136 196
137 245
137 255
138 167
138 255
138 241
138 148
139 187
139 141
139 143
139 223
140 238
141 186
141 242
142 178
142 182
142 230
142 184
142 229
142 200
143 217
143 174
143 158
143 209
143 192
143 168
143 240
144 218
144 217
144 244
144 227
145 234
145 253
145 243
145 247
145 201
145 249
145 232
146 165
146 179
146 148
147 165
147 222
148 184
148 150
148 203
148 191
149 245
150 206
150 162
150 251
151 196
151 172
151 225
151 164
151 200
152 165
152 249
152 243
152 246
153 172
153 155
153 223
154 213
154 252
154 199
155 238
155 157
155 242
156 179
157 219
157 191
157 215
157 177
157 221
157 231
157 228
157 190
158 227
158 176
159 202
159 201
159 204
160 244
160 204
160 198
161 219
161 168
162 226
162 164
162 222
162 206
163 198
163 230
164 245
164 224
164 222
164 197
164 229
165 173
165 238
166 242
166 195
167 226
167 194
167 201
167 208
168 195
168 201
168 242
169 182
169 214
169 215
169 231
169 186
170 208
170 219
170 246
170 233
170 188
171 215
171 250
171 212
172 173
173 174
173 252
174 222
174 232
175 198
176 193
176 229
176 200
177 255
177 222
177 208
178 190
178 231
179 189
180 214
180 202
180 240
180 245
181 238
181 232
181 217
181 204
181 235
181 184
181 224
182 186
183 255
183 193
183 187
184 253
184 248
185 226
185 255
186 203
186 231
187 199
187 196
188 222
188 250
188 220
189 243
190 250
190 192
191 200
191 197
192 229
193 241
194 214
194 234
195 241
195 201
195 199
196 221
197 210
198 232
198 212
198 225
199 254
199 218
200 225
200 209
200 244
200 251
200 235
200 217
201 231
201 242
202 244
202 214
202 231
202 234
203 207
203 205
204 212
204 207
205 209
205 223
207 246
210 254
210 234
211 228
212 224
212 233
213 255
213 250
213 223
214 252
214 253
219 229
219 246
219 255
219 236
220 229
221 236
221 226
225 247
226 239
227 238
232 235
234 237
234 235
240 243
240 255
241 247
243 251
247 249
